0
1.36223e-27
4.12582e-25
7.15584e-23
8.56989e-21
7.1303e-19
4.12402e-17
1.65158e-15
4.53047e-14
8.31896e-13
9.69868e-12
6.08537e-11
2.02256e-11
-2.82014e-09
-2.09517e-08
-4.97315e-08
1.69317e-07
1.64598e-06
6.23134e-06
1.79039e-05
5.46635e-05
0.000175796
0.000510832
0.00128703
0.00281878
0.00536541
0.00905681
0.0141766
0.0211599
0.0299299
0.0402989
0.0535055
0.0709882
0.0914817
0.114509
0.146701
0.195144
0.253817
0.310233
0.367155
0.43922
0.520335
0.576417
0.591812
0.60183
0.640582
0.674747
0.648976
0.589222
0.576356
0.59248
0.500607
0.281592
0.192199
0.425707
0.543077
-0.440138
-3.02139
-6.24595
-8.08367
-7.10446
-3.86747
-0.463155
1.37551
1.46286
0.662031
0.0719696
0.863456
3.65159
7.195
8.70306
6.52978
2.09093
-1.64731
-3.11098
-2.92825
-2.40215
-2.08204
-1.72145
-0.993263
-0.0294914
0.698051
0.979643
1.11906
1.50484
2.28812
3.49157
4.69155
4.49041
1.59279
-2.96606
-6.01969
-5.64809
-3.21211
-1.20779
-0.38991
-0.0121363
0.314327
0.32541
0.0293297
-0.192736
-0.249134
-0.460361
-1.03893
-1.69511
-1.78528
-0.939657
0.378688
1.07641
0.343628
-1.50111
-3.11659
-3.41651
-2.57763
-1.23998
0.652705
3.08391
4.77874
4.47734
3.02222
2.2109
1.77028
0.186632
-1.45071
-0.234019
3.4562
5.7125
4.4157
1.21166
-1.57362
-2.88273
-2.32963
-0.266779
1.63956
1.58879
-0.37527
-2.4011
-2.96899
-2.44491
-2.23659
-2.71579
-2.73896
-1.64675
-0.722627
-1.33858
-2.43167
-1.74069
0.719739
2.49327
2.18926
1.06283
0.489035
0.108413
-0.52641
-0.856479
-0.881771
-1.33197
-1.77496
-1.07699
0.426097
