0
1.197e-32
2.29236e-30
1.86722e-28
1.11638e-26
5.27996e-25
1.98037e-23
5.88786e-22
1.38645e-20
2.58096e-19
3.78424e-18
4.33983e-17
3.84176e-16
2.55585e-15
1.19925e-14
3.18249e-14
-2.79407e-14
-7.41496e-13
-3.87209e-12
-1.15627e-11
-1.90789e-11
-4.94994e-13
9.24e-11
2.9154e-10
5.79193e-10
9.82318e-10
1.76984e-09
3.46432e-09
6.59279e-09
1.16354e-08
1.93147e-08
3.06341e-08
4.69084e-08
7.08544e-08
1.07275e-07
1.60533e-07
2.32137e-07
3.25486e-07
4.53441e-07
6.35053e-07
8.84675e-07
1.21698e-06
1.67411e-06
2.35244e-06
3.42237e-06
5.15868e-06
7.95274e-06
1.2237e-05
1.83535e-05
2.65175e-05
3.68975e-05
4.9629e-05
6.47139e-05
8.207e-05
0.000101788
0.000124158
0.000149259
0.000176786
0.000206626
0.000239347
0.000275487
