8.00 27.00 0.00 65.00 22.00 20.00
21.00 16.00 0.00 39.00 11.00 20.00
16.00 49.00 0.00 16.00 29.00 20.00
32.00 70.00 0.00 32.00 8.00 20.00
49.00 49.00 0.00 21.00 9.00 20.00
50.00 58.00 0.00 16.00 12.00 20.00
36.00 4.00 0.00 8.00 12.00 20.00
10.00 49.00 0.00 6.00 9.00 20.00
44.00 8.00 0.00 6.00 8.00 20.00
15.00 20.00 0.00 6.00 7.00 20.00
31.00 8.00 0.00 5.00 8.00 20.00
4.00 29.00 0.00 4.00 9.00 20.00
60.00 19.00 0.00 4.00 8.00 20.00
73.00 28.00 0.00 2.00 15.00 20.00
11.00 58.00 0.00 5.00 4.00 20.00
50.00 13.00 0.00 6.00 3.00 20.00
26.00 12.00 0.00 5.00 4.00 20.00
42.00 49.00 0.00 7.00 2.00 20.00
64.00 24.00 0.00 6.00 3.00 20.00
14.00 62.00 0.00 2.00 9.00 20.00
10.00 24.00 0.00 5.00 3.00 20.00
66.00 58.00 0.00 2.00 8.00 20.00
32.00 49.00 0.00 8.00 2.00 20.00
32.00 51.00 0.00 4.00 2.00 20.00
48.00 64.00 0.00 2.00 6.00 20.00
8.00 49.00 0.00 2.00 3.00 20.00
70.00 49.00 0.00 2.00 3.00 20.00
6.00 38.00 0.00 2.00 7.00 20.00
75.00 29.00 0.00 2.00 7.00 20.00
18.00 18.00 0.00 3.00 2.00 20.00
39.00 2.00 0.00 3.00 2.00 20.00
64.00 22.00 0.00 3.00 2.00 20.00
32.00 68.00 0.00 5.00 2.00 20.00
33.00 6.00 0.00 3.00 2.00 20.00
50.00 11.00 0.00 3.00 2.00 20.00
47.00 51.00 0.00 2.00 3.00 20.00
12.00 62.00 0.00 2.00 3.00 20.00
22.00 15.00 0.00 4.00 1.00 20.00
44.00 6.00 0.00 3.00 2.00 20.00
32.00 53.00 0.00 2.00 2.00 20.00
45.00 68.00 0.00 3.00 2.00 20.00
29.00 10.00 0.00 2.00 2.00 20.00
14.00 21.00 0.00 1.00 3.00 20.00
73.00 43.00 0.00 1.00 3.00 20.00
2.00 30.00 0.00 2.00 2.00 20.00
6.00 27.00 0.00 2.00 2.00 20.00
13.00 65.00 0.00 1.00 3.00 20.00
50.00 9.00 0.00 1.00 2.00 20.00
67.00 23.00 0.00 2.00 1.00 20.00
75.00 36.00 0.00 1.00 3.00 20.00
32.00 66.00 0.00 2.00 2.00 20.00
70.00 52.00 0.00 1.00 4.00 20.00
7.00 45.00 0.00 1.00 3.00 20.00
47.00 66.00 0.00 1.00 2.00 20.00
8.00 26.00 0.00 2.00 1.00 20.00
13.00 22.00 0.00 1.00 2.00 20.00
64.00 20.00 0.00 1.00 2.00 20.00
48.00 54.00 0.00 1.00 2.00 20.00
32.00 55.00 0.00 1.00 2.00 20.00
30.00 9.00 0.00 1.00 1.00 20.00
34.00 67.00 0.00 1.00 1.00 20.00
68.00 58.00 0.00 2.00 1.00 20.00
70.00 25.00 0.00 1.00 2.00 20.00
47.00 7.00 0.00 1.00 1.00 20.00
3.00 32.00 0.00 1.00 4.00 20.00
42.00 3.00 0.00 1.00 1.00 20.00
66.00 66.00 0.00 1.00 3.00 20.00
37.00 3.00 0.00 2.00 1.00 20.00
9.00 52.00 0.00 1.00 3.00 20.00
32.00 7.00 0.00 1.00 1.00 20.00
64.00 70.00 0.00 2.00 1.00 20.00
9.00 25.00 0.00 1.00 1.00 20.00
49.00 62.00 0.00 1.00 2.00 20.00
53.00 12.00 0.00 1.00 1.00 20.00
68.00 59.00 0.00 1.00 3.00 20.00
71.00 26.00 0.00 1.00 1.00 20.00
46.00 51.00 0.00 1.00 2.00 20.00
15.00 71.00 0.00 1.00 4.00 20.00
56.00 15.00 0.00 2.00 1.00 20.00
5.00 28.00 0.00 1.00 1.00 20.00
19.00 17.00 0.00 2.00 1.00 20.00
56.00 14.00 0.00 1.00 1.00 20.00
51.00 10.00 0.00 1.00 1.00 20.00
64.00 71.00 0.00 1.00 4.00 20.00
25.00 13.00 0.00 1.00 2.00 20.00
27.00 11.00 0.00 2.00 1.00 20.00
5.00 38.00 0.00 1.00 4.00 20.00
40.00 49.00 0.00 2.00 1.00 20.00
36.00 51.00 0.00 1.00 1.00 20.00
44.00 5.00 0.00 1.00 1.00 20.00
23.00 14.00 0.00 2.00 1.00 20.00
60.00 17.00 0.00 1.00 2.00 20.00
65.00 21.00 0.00 1.00 1.00 20.00
37.00 69.00 0.00 2.00 1.00 20.00
46.00 67.00 0.00 1.00 1.00 20.00
77.00 30.00 0.00 1.00 3.00 20.00
43.00 69.00 0.00 2.00 1.00 20.00
61.00 18.00 0.00 1.00 1.00 20.00
35.00 5.00 0.00 1.00 1.00 20.00
44.00 51.00 0.00 2.00 1.00 20.00
12.00 23.00 0.00 1.00 1.00 20.00
17.00 19.00 0.00 1.00 1.00 20.00
32.00 63.00 0.00 1.00 3.00 20.00
73.00 27.00 0.00 1.00 1.00 20.00
